15
277 79
278 187
416 184
405 84
519 78
512 180
629 177
209 189
203 77
128 283
171 238
209 306
330 281
190 362
303 345
0 -1 0 0 0 0 0 0 -1 0 0 0 0 0 0 
-1 0 -1 0 0 0 0 -1 0 0 0 0 0 0 0 
0 -1 0 -1 0 -1 0 0 0 0 0 0 0 0 0 
0 0 -1 0 -1 0 0 0 0 0 0 0 0 0 0 
0 0 0 -1 0 -1 0 0 0 0 0 0 0 0 0 
0 0 -1 0 -1 0 -1 0 0 0 0 0 0 0 0 
0 0 0 0 0 -1 0 0 0 0 0 0 0 0 0 
0 -1 0 0 0 0 0 0 -1 0 0 0 0 0 0 
-1 0 0 0 0 0 0 -1 0 0 0 0 0 0 0 
0 0 0 0 0 0 0 0 0 0 -1 -1 0 0 0 
0 0 0 0 0 0 0 0 0 -1 0 -1 0 0 0 
0 0 0 0 0 0 0 0 0 -1 -1 0 -1 -1 -1 
0 0 0 0 0 0 0 0 0 0 0 -1 0 0 0 
0 0 0 0 0 0 0 0 0 0 0 -1 0 0 0 
0 0 0 0 0 0 0 0 0 0 0 -1 0 0 0 
